1.0000 0.9090 0.8901 0.8901
2.0000 0.9306 0.9095 0.9095
3.0000 0.9424 0.9191 0.9191
4.0000 0.9553 0.9249 0.9249
5.0000 0.9648 0.9289 0.9289
6.0000 0.9750 0.9331 0.9331
7.0000 0.9825 0.9368 0.9368
8.0000 0.9863 0.9408 0.9408
9.0000 0.9919 0.9418 0.9418
10.0000 0.9953 0.9441 0.9441
11.0000 0.9971 0.9439 0.9439
12.0000 0.9983 0.9439 0.9439
13.0000 0.9985 0.9448 0.9448
14.0000 0.9994 0.9460 0.9460
15.0000 0.9995 0.9443 0.9443
16.0000 0.9995 0.9466 0.9466
17.0000 0.9999 0.9472 0.9472
18.0000 0.9998 0.9474 0.9474
19.0000 0.9999 0.9457 0.9457
20.0000 0.9999 0.9457 0.9457
21.0000 0.9999 0.9467 0.9467
22.0000 0.9999 0.9462 0.9462
23.0000 1.0000 0.9469 0.9469
24.0000 1.0000 0.9469 0.9469
25.0000 1.0000 0.9485 0.9485
26.0000 0.9998 0.9474 0.9474
27.0000 1.0000 0.9483 0.9483
28.0000 1.0000 0.9476 0.9476
29.0000 1.0000 0.9464 0.9464
30.0000 1.0000 0.9483 0.9483
31.0000 1.0000 0.9445 0.9445
32.0000 1.0000 0.9460 0.9460
33.0000 1.0000 0.9469 0.9469
34.0000 1.0000 0.9492 0.9492
35.0000 1.0000 0.9499 0.9499
36.0000 0.9998 0.9513 0.9513
37.0000 1.0000 0.9474 0.9474
38.0000 1.0000 0.9455 0.9455
39.0000 1.0000 0.9479 0.9479
40.0000 1.0000 0.9443 0.9443
41.0000 1.0000 0.9457 0.9457
42.0000 1.0000 0.9460 0.9460
43.0000 1.0000 0.9466 0.9466
44.0000 1.0000 0.9481 0.9481
45.0000 1.0000 0.9460 0.9460
46.0000 1.0000 0.9479 0.9479
47.0000 1.0000 0.9488 0.9488
48.0000 1.0000 0.9474 0.9474
49.0000 1.0000 0.9464 0.9464
50.0000 1.0000 0.9467 0.9467
