1.0000 0.8805 0.8737 0.8737
2.0000 0.9031 0.8877 0.8877
3.0000 0.9168 0.8945 0.8945
4.0000 0.9310 0.8997 0.8997
5.0000 0.9434 0.9014 0.9014
6.0000 0.9535 0.9044 0.9044
7.0000 0.9613 0.9053 0.9053
8.0000 0.9699 0.9087 0.9087
9.0000 0.9749 0.9103 0.9103
10.0000 0.9806 0.9125 0.9125
11.0000 0.9855 0.9128 0.9128
12.0000 0.9894 0.9171 0.9171
13.0000 0.9915 0.9171 0.9171
14.0000 0.9941 0.9188 0.9188
15.0000 0.9960 0.9174 0.9174
16.0000 0.9969 0.9180 0.9180
17.0000 0.9978 0.9194 0.9194
18.0000 0.9983 0.9193 0.9193
19.0000 0.9982 0.9194 0.9194
20.0000 0.9990 0.9175 0.9175
21.0000 0.9991 0.9192 0.9192
22.0000 0.9994 0.9201 0.9201
23.0000 0.9995 0.9203 0.9203
24.0000 0.9996 0.9214 0.9214
25.0000 0.9998 0.9184 0.9184
26.0000 0.9997 0.9218 0.9218
27.0000 0.9999 0.9198 0.9198
28.0000 0.9999 0.9222 0.9222
29.0000 0.9999 0.9194 0.9194
30.0000 0.9999 0.9209 0.9209
31.0000 1.0000 0.9222 0.9222
32.0000 1.0000 0.9208 0.9208
33.0000 1.0000 0.9208 0.9208
34.0000 0.9999 0.9201 0.9201
35.0000 1.0000 0.9219 0.9219
36.0000 0.9999 0.9213 0.9213
37.0000 1.0000 0.9220 0.9220
38.0000 1.0000 0.9218 0.9218
39.0000 1.0000 0.9209 0.9209
40.0000 1.0000 0.9229 0.9229
41.0000 1.0000 0.9226 0.9226
42.0000 1.0000 0.9220 0.9220
43.0000 1.0000 0.9205 0.9205
44.0000 1.0000 0.9192 0.9192
45.0000 1.0000 0.9218 0.9218
46.0000 1.0000 0.9230 0.9230
47.0000 1.0000 0.9243 0.9243
48.0000 1.0000 0.9201 0.9201
49.0000 1.0000 0.9199 0.9199
50.0000 1.0000 0.9208 0.9208
