1.0000 0.6426 0.6537 0.6537
2.0000 0.6677 0.6678 0.6678
3.0000 0.6658 0.6661 0.6661
4.0000 0.7463 0.7334 0.7334
5.0000 0.8488 0.8291 0.8291
6.0000 0.8567 0.8069 0.8069
7.0000 0.8686 0.8308 0.8308
8.0000 0.8840 0.8078 0.8078
9.0000 0.8971 0.8406 0.8406
10.0000 0.9102 0.8326 0.8326
11.0000 0.9188 0.8370 0.8370
12.0000 0.9412 0.8609 0.8609
13.0000 0.9184 0.8388 0.8388
14.0000 0.9495 0.8539 0.8539
15.0000 0.9551 0.8663 0.8663
16.0000 0.9757 0.8742 0.8742
17.0000 0.9749 0.8751 0.8751
18.0000 0.9813 0.8804 0.8804
19.0000 0.9618 0.8627 0.8627
20.0000 0.9865 0.8857 0.8857
21.0000 0.9925 0.8857 0.8857
22.0000 0.9944 0.8946 0.8946
23.0000 0.9963 0.8919 0.8919
24.0000 0.9966 0.8911 0.8911
25.0000 0.9970 0.8955 0.8955
26.0000 0.9978 0.8911 0.8911
27.0000 0.9974 0.8911 0.8911
28.0000 0.9989 0.8973 0.8973
29.0000 0.9985 0.8937 0.8937
30.0000 0.9981 0.9008 0.9008
31.0000 0.9996 0.8999 0.8999
32.0000 0.9993 0.8981 0.8981
33.0000 0.9993 0.8928 0.8928
34.0000 0.9989 0.8937 0.8937
35.0000 0.9993 0.8946 0.8946
36.0000 0.9996 0.8937 0.8937
37.0000 0.9996 0.8964 0.8964
38.0000 0.9996 0.8981 0.8981
39.0000 0.9996 0.8964 0.8964
40.0000 0.9996 0.8999 0.8999
41.0000 1.0000 0.8990 0.8990
42.0000 1.0000 0.9026 0.9026
43.0000 0.9996 0.8911 0.8911
44.0000 1.0000 0.8893 0.8893
45.0000 1.0000 0.9008 0.9008
46.0000 1.0000 0.8928 0.8928
47.0000 1.0000 0.8911 0.8911
48.0000 1.0000 0.8919 0.8919
49.0000 1.0000 0.8928 0.8928
50.0000 1.0000 0.8919 0.8919
