1.0000 0.8858 0.8742 0.8742
2.0000 0.9164 0.9013 0.9013
3.0000 0.9304 0.9120 0.9120
4.0000 0.9389 0.9132 0.9132
5.0000 0.9477 0.9188 0.9188
6.0000 0.9560 0.9219 0.9219
7.0000 0.9639 0.9258 0.9258
8.0000 0.9709 0.9305 0.9305
9.0000 0.9766 0.9331 0.9331
10.0000 0.9816 0.9378 0.9378
11.0000 0.9869 0.9406 0.9406
12.0000 0.9900 0.9415 0.9415
13.0000 0.9919 0.9424 0.9424
14.0000 0.9941 0.9415 0.9415
15.0000 0.9961 0.9436 0.9436
16.0000 0.9977 0.9434 0.9434
17.0000 0.9982 0.9438 0.9438
18.0000 0.9988 0.9434 0.9434
19.0000 0.9992 0.9432 0.9432
20.0000 0.9986 0.9429 0.9429
21.0000 0.9995 0.9429 0.9429
22.0000 0.9995 0.9422 0.9422
23.0000 0.9997 0.9432 0.9432
24.0000 0.9996 0.9471 0.9471
25.0000 0.9997 0.9445 0.9445
26.0000 0.9998 0.9432 0.9432
27.0000 0.9998 0.9436 0.9436
28.0000 0.9998 0.9425 0.9425
29.0000 0.9998 0.9429 0.9429
30.0000 0.9998 0.9424 0.9424
31.0000 0.9999 0.9443 0.9443
32.0000 0.9998 0.9422 0.9422
33.0000 1.0000 0.9411 0.9411
34.0000 0.9999 0.9396 0.9396
35.0000 0.9998 0.9450 0.9450
36.0000 1.0000 0.9429 0.9429
37.0000 1.0000 0.9441 0.9441
38.0000 1.0000 0.9436 0.9436
39.0000 1.0000 0.9427 0.9427
40.0000 1.0000 0.9429 0.9429
41.0000 1.0000 0.9448 0.9448
42.0000 0.9998 0.9455 0.9455
43.0000 0.9998 0.9452 0.9452
44.0000 1.0000 0.9462 0.9462
45.0000 1.0000 0.9459 0.9459
46.0000 1.0000 0.9422 0.9422
47.0000 1.0000 0.9415 0.9415
48.0000 1.0000 0.9422 0.9422
49.0000 1.0000 0.9417 0.9417
50.0000 1.0000 0.9408 0.9408
